12 0 7 78
11 0 8 78
12 0 8 78
11 0 9 78
12 0 9 78
11 0 10 78
12 0 10 78
12 0 11 78
6 0 20 4
7 0 20 4
8 0 20 4
9 0 20 128
10 0 20 4
11 0 20 4
12 0 20 4
6 0 21 4
7 0 21 41
8 0 21 57
9 0 21 41
10 0 21 57
11 0 21 41
12 0 21 4
6 0 22 4
7 0 22 57
8 0 22 41
9 0 22 57
10 0 22 41
11 0 22 57
12 0 22 4
6 0 23 4
7 0 23 41
8 0 23 57
9 0 23 41
10 0 23 57
11 0 23 41
12 0 23 4
6 0 24 4
7 0 24 57
8 0 24 41
9 0 24 57
10 0 24 41
11 0 24 57
12 0 24 4
6 0 25 4
7 0 25 41
8 0 25 57
9 0 25 41
10 0 25 57
11 0 25 41
12 0 25 4
6 0 26 4
7 0 26 4
8 0 26 4
9 0 26 4
10 0 26 4
11 0 26 4
12 0 26 4
6 1 20 45
7 1 20 45
8 1 20 45
10 1 20 45
11 1 20 45
12 1 20 45
6 1 21 45
12 1 21 45
6 1 22 45
12 1 22 45
6 1 23 45
12 1 23 45
6 1 24 45
12 1 24 45
6 1 25 45
7 1 25 47
8 1 25 47
9 1 25 47
10 1 25 47
11 1 25 47
12 1 25 45
6 1 26 45
7 1 26 45
8 1 26 45
9 1 26 45
10 1 26 45
11 1 26 45
12 1 26 45
6 2 20 45
7 2 20 20
8 2 20 45
10 2 20 45
11 2 20 20
12 2 20 45
6 2 21 20
12 2 21 20
6 2 22 20
12 2 22 20
6 2 23 45
12 2 23 45
6 2 24 20
12 2 24 20
6 2 25 20
12 2 25 20
6 2 26 45
7 2 26 20
8 2 26 20
9 2 26 45
10 2 26 20
11 2 26 20
12 2 26 45
6 3 20 45
7 3 20 45
8 3 20 45
9 3 20 45
10 3 20 45
11 3 20 45
12 3 20 45
6 3 21 45
12 3 21 45
6 3 22 45
12 3 22 45
6 3 23 45
9 3 23 89
12 3 23 45
6 3 24 45
12 3 24 45
6 3 25 45
12 3 25 45
6 3 26 45
7 3 26 45
8 3 26 45
9 3 26 45
10 3 26 45
11 3 26 45
12 3 26 45
6 4 20 42
7 4 20 42
8 4 20 42
9 4 20 42
10 4 20 42
11 4 20 42
12 4 20 42
6 4 21 42
7 4 21 42
8 4 21 42
9 4 21 42
10 4 21 42
11 4 21 42
12 4 21 42
6 4 22 42
7 4 22 42
8 4 22 42
9 4 22 42
10 4 22 42
11 4 22 42
12 4 22 42
6 4 23 42
7 4 23 42
8 4 23 42
9 4 23 42
10 4 23 42
11 4 23 42
12 4 23 42
6 4 24 42
7 4 24 42
8 4 24 42
9 4 24 42
10 4 24 42
11 4 24 42
12 4 24 42
6 4 25 42
7 4 25 42
8 4 25 42
9 4 25 42
10 4 25 42
11 4 25 42
12 4 25 42
6 4 26 42
7 4 26 42
8 4 26 42
9 4 26 42
10 4 26 42
11 4 26 42
12 4 26 42
