0 0 0 22
0 0 1 22
0 0 2 22
0 0 3 22
0 0 4 22
0 0 5 41
0 0 6 156
0 0 7 156
0 0 8 156
0 0 9 41
0 0 10 22
0 0 11 22
0 0 12 22
0 0 13 22
0 0 14 22
0 1 5 41
0 1 9 41
0 2 5 41
0 2 9 41
0 3 5 41
0 3 6 41
0 3 7 41
0 3 8 41
0 3 9 41
1 0 0 22
1 0 1 89
1 0 2 89
1 0 3 89
1 0 4 89
1 0 5 41
1 0 6 41
1 0 7 41
1 0 8 41
1 0 9 41
1 0 10 89
1 0 11 89
1 0 12 89
1 0 13 89
1 0 14 22
1 1 1 57
1 1 2 57
1 1 3 57
1 1 4 57
1 1 5 41
1 1 9 41
1 1 10 57
1 1 11 57
1 1 12 57
1 1 13 57
1 2 5 41
1 2 9 41
1 3 5 41
1 3 6 41
1 3 7 41
1 3 8 41
1 3 9 41
2 0 0 22
2 0 1 89
2 0 2 8
2 0 3 8
2 0 4 8
2 0 5 8
2 0 6 8
2 0 7 8
2 0 8 8
2 0 9 8
2 0 10 8
2 0 11 8
2 0 12 8
2 0 13 89
2 0 14 22
2 1 1 57
2 1 13 57
2 2 2 22
2 2 3 22
2 2 4 22
2 2 10 22
2 2 11 22
2 2 12 22
2 3 5 41
2 3 6 41
2 3 7 41
2 3 8 41
2 3 9 41
3 0 0 22
3 0 1 89
3 0 2 8
3 0 3 8
3 0 4 8
3 0 5 8
3 0 6 8
3 0 7 8
3 0 8 8
3 0 9 8
3 0 10 8
3 0 11 8
3 0 12 8
3 0 13 89
3 0 14 22
3 1 1 57
3 1 13 57
3 2 2 22
3 2 12 22
3 3 3 57
3 3 4 57
3 3 5 57
3 3 6 57
3 3 7 57
3 3 8 57
3 3 9 57
3 3 10 57
3 3 11 57
4 0 0 22
4 0 1 89
4 0 2 8
4 0 3 8
4 0 4 8
4 0 5 8
4 0 6 8
4 0 7 8
4 0 8 8
4 0 9 8
4 0 10 8
4 0 11 8
4 0 12 8
4 0 13 89
4 0 14 22
4 1 1 57
4 1 13 57
4 2 2 22
4 2 12 22
4 3 3 57
4 3 11 57
4 4 4 22
4 4 5 22
4 4 6 22
4 4 7 22
4 4 8 22
4 4 9 22
4 4 10 22
5 0 0 22
5 0 1 89
5 0 2 8
5 0 3 8
5 0 4 8
5 0 5 8
5 0 6 8
5 0 7 8
5 0 8 8
5 0 9 8
5 0 10 8
5 0 11 8
5 0 12 8
5 0 13 89
5 0 14 22
5 1 1 57
5 1 13 57
5 2 2 22
5 2 12 22
5 3 3 57
5 3 11 57
5 4 4 22
5 4 10 22
5 5 5 57
5 5 6 57
5 5 7 57
5 5 8 57
5 5 9 57
6 0 0 22
6 0 1 89
6 0 2 8
6 0 3 8
6 0 4 8
6 0 5 8
6 0 6 8
6 0 7 8
6 0 8 8
6 0 9 8
6 0 10 8
6 0 11 8
6 0 12 8
6 0 13 89
6 0 14 22
6 1 1 57
6 1 13 57
6 2 2 22
6 2 12 22
6 3 3 57
6 3 11 57
6 4 4 22
6 4 10 22
6 5 5 57
6 5 6 89
6 5 7 89
6 5 8 89
6 5 9 57
6 6 6 22
6 6 7 22
6 6 8 22
7 0 0 22
7 0 1 89
7 0 2 8
7 0 3 8
7 0 4 8
7 0 5 8
7 0 6 8
7 0 7 8
7 0 8 8
7 0 9 8
7 0 10 8
7 0 11 8
7 0 12 8
7 0 13 89
7 0 14 22
7 1 1 57
7 1 13 57
7 2 2 22
7 2 12 22
7 3 3 57
7 3 11 57
7 4 4 22
7 4 10 22
7 5 5 57
7 5 6 89
7 5 7 89
7 5 8 89
7 5 9 57
7 6 6 22
7 6 8 22
7 7 7 57
8 0 0 22
8 0 1 89
8 0 2 8
8 0 3 8
8 0 4 8
8 0 5 8
8 0 6 8
8 0 7 8
8 0 8 8
8 0 9 8
8 0 10 8
8 0 11 8
8 0 12 8
8 0 13 89
8 0 14 22
8 1 1 57
8 1 13 57
8 2 2 22
8 2 12 22
8 3 3 57
8 3 11 57
8 4 4 22
8 4 10 22
8 5 5 57
8 5 6 89
8 5 7 89
8 5 8 89
8 5 9 57
8 6 6 22
8 6 7 22
8 6 8 22
9 0 0 22
9 0 1 89
9 0 2 8
9 0 3 8
9 0 4 8
9 0 5 8
9 0 6 8
9 0 7 8
9 0 8 8
9 0 9 8
9 0 10 8
9 0 11 8
9 0 12 8
9 0 13 89
9 0 14 22
9 1 1 57
9 1 13 57
9 2 2 22
9 2 12 22
9 3 3 57
9 3 11 57
9 4 4 22
9 4 10 22
9 5 5 57
9 5 6 57
9 5 7 57
9 5 8 57
9 5 9 57
10 0 0 22
10 0 1 89
10 0 2 8
10 0 3 8
10 0 4 8
10 0 5 8
10 0 6 8
10 0 7 8
10 0 8 8
10 0 9 8
10 0 10 8
10 0 11 8
10 0 12 8
10 0 13 89
10 0 14 22
10 1 1 57
10 1 13 57
10 2 2 22
10 2 12 22
10 3 3 57
10 3 11 57
10 4 4 22
10 4 5 22
10 4 6 22
10 4 7 22
10 4 8 22
10 4 9 22
10 4 10 22
11 0 0 22
11 0 1 89
11 0 2 8
11 0 3 8
11 0 4 8
11 0 5 8
11 0 6 8
11 0 7 8
11 0 8 8
11 0 9 8
11 0 10 8
11 0 11 8
11 0 12 8
11 0 13 89
11 0 14 22
11 1 1 57
11 1 13 57
11 2 2 22
11 2 12 22
11 3 3 57
11 3 4 57
11 3 5 57
11 3 6 57
11 3 7 57
11 3 8 57
11 3 9 57
11 3 10 57
11 3 11 57
12 0 0 22
12 0 1 89
12 0 2 8
12 0 3 8
12 0 4 8
12 0 5 8
12 0 6 8
12 0 7 8
12 0 8 8
12 0 9 8
12 0 10 8
12 0 11 8
12 0 12 8
12 0 13 89
12 0 14 22
12 1 1 57
12 1 13 57
12 2 2 22
12 2 3 22
12 2 4 22
12 2 5 22
12 2 6 22
12 2 7 22
12 2 8 22
12 2 9 22
12 2 10 22
12 2 11 22
12 2 12 22
13 0 0 22
13 0 1 89
13 0 2 89
13 0 3 89
13 0 4 89
13 0 5 89
13 0 6 89
13 0 7 89
13 0 8 89
13 0 9 89
13 0 10 89
13 0 11 89
13 0 12 89
13 0 13 89
13 0 14 22
13 1 1 57
13 1 2 57
13 1 3 57
13 1 4 57
13 1 5 57
13 1 6 57
13 1 7 57
13 1 8 57
13 1 9 57
13 1 10 57
13 1 11 57
13 1 12 57
13 1 13 57
14 0 0 22
14 0 1 22
14 0 2 22
14 0 3 22
14 0 4 22
14 0 5 22
14 0 6 22
14 0 7 22
14 0 8 22
14 0 9 22
14 0 10 22
14 0 11 22
14 0 12 22
14 0 13 22
14 0 14 22
